0.000000000000000000e+00 1.473086651636150712e-01 7.793602816672574596e-01 4.479079456661654302e-01 3.999652364356003353e-01 7.327830366477943169e-01 9.321531974415415700e-01 2.648318192335282761e-01 2.313481818255698208e-01 2.046563624617414590e-01
1.473086651636150712e-01 0.000000000000000000e+00 1.596730081563546566e-01 1.042134938467579319e-01 5.205839661796161089e-01 8.798887087458707734e-01 1.403894912176484322e-02 7.070533685795864498e-01 3.577944130844035175e-01 6.013737074683066508e-01
7.793602816672574596e-01 1.596730081563546566e-01 0.000000000000000000e+00 3.411818532135248994e-01 6.368164186889226919e-01 8.771272310461389887e-01 8.768662754283673699e-02 1.194668483763839939e-01 3.010247935899409422e-01 9.038872318466351086e-01
4.479079456661654302e-01 1.042134938467579319e-01 3.411818532135248994e-01 0.000000000000000000e+00 5.317785746063199426e-01 5.726714057169867145e-01 6.522686361019488510e-01 7.806885708220503428e-01 9.201304279076483184e-01 2.289207304208473737e-01
3.999652364356003353e-01 5.205839661796161089e-01 6.368164186889226919e-01 5.317785746063199426e-01 0.000000000000000000e+00 5.863439534709499190e-01 4.389781985325896807e-01 6.646579440848857656e-01 4.866645583648679940e-01 2.600244100668654967e-01
7.327830366477943169e-01 8.798887087458707734e-01 8.771272310461389887e-01 5.726714057169867145e-01 5.863439534709499190e-01 0.000000000000000000e+00 1.261816383938370034e-01 7.891905454416614507e-01 7.759154143015146721e-01 8.710338818427310059e-03
9.321531974415415700e-01 1.403894912176484322e-02 8.768662754283673699e-02 6.522686361019488510e-01 4.389781985325896807e-01 1.261816383938370034e-01 0.000000000000000000e+00 3.226723289088838653e-01 5.518835750392164785e-01 4.949189657513120011e-01
2.648318192335282761e-01 7.070533685795864498e-01 1.194668483763839939e-01 7.806885708220503428e-01 6.646579440848857656e-01 7.891905454416614507e-01 3.226723289088838653e-01 0.000000000000000000e+00 2.566371346284580524e-01 3.072830658127039261e-01
2.313481818255698208e-01 3.577944130844035175e-01 3.010247935899409422e-01 9.201304279076483184e-01 4.866645583648679940e-01 7.759154143015146721e-01 5.518835750392164785e-01 2.566371346284580524e-01 0.000000000000000000e+00 6.550543166828396435e-01
2.046563624617414590e-01 6.013737074683066508e-01 9.038872318466351086e-01 2.289207304208473737e-01 2.600244100668654967e-01 8.710338818427310059e-03 4.949189657513120011e-01 3.072830658127039261e-01 6.550543166828396435e-01 0.000000000000000000e+00
