0.000000000000000000e+00 3.081443937040494463e-01 8.267636951085935992e-01 7.368247986149658590e-01 9.978466584235747838e-01 8.149745447953836708e-01 7.572268504789634314e-01 8.478294340288572428e-01 9.298779275885304951e-02 2.614242427008197645e-01 5.530859850585791992e-01 4.484094599547250315e-02 3.166126333683193517e-01 4.910367087413464171e-01 2.266440317227906842e-01
3.081443937040494463e-01 0.000000000000000000e+00 6.546985935373428322e-02 4.104654717151510201e-01 3.149104797556477875e-01 5.694277302753983916e-01 1.345357791092884892e-01 4.545106545370438678e-01 5.454118365539857294e-01 3.047835727206248402e-01 3.379679016404643077e-01 4.426704983444144093e-01 4.129734868163752459e-01 4.522782909559774911e-01 5.604601504803129464e-01
8.267636951085935992e-01 6.546985935373428322e-02 0.000000000000000000e+00 2.524479315190886197e-02 6.242128371945657728e-01 3.922456753342719038e-01 3.673353145256990082e-01 9.505803977652109715e-01 3.127523826743942026e-01 9.191419237196806202e-01 5.542653663364975891e-01 6.101727735074630177e-01 3.262848190121880876e-01 5.741891028582726264e-01 9.021586660877995989e-01
7.368247986149658590e-01 4.104654717151510201e-01 2.524479315190886197e-02 0.000000000000000000e+00 6.846755690818359108e-01 8.453762875170132141e-01 4.474849076840839990e-01 9.002251373287760705e-01 1.164342101536106622e-01 1.512677779225922725e-01 3.835050718762434974e-01 7.644683760600855527e-01 2.733066799250886136e-01 3.959583790136634862e-01 1.111409647345631413e-01
9.978466584235747838e-01 3.149104797556477875e-01 6.242128371945657728e-01 6.846755690818359108e-01 0.000000000000000000e+00 8.821732852566024352e-01 5.635443465555245446e-02 5.934474839008067049e-01 9.510861509345315268e-01 8.902958927099710040e-01 7.548374568645700444e-01 5.801055991691883573e-01 2.494921421487382718e-01 2.695266313799108415e-01 7.350174231220492072e-01
8.149745447953836708e-01 5.694277302753983916e-01 3.922456753342719038e-01 8.453762875170132141e-01 8.821732852566024352e-01 0.000000000000000000e+00 4.055284634266898003e-02 4.607803415096661803e-01 6.300200658084691430e-01 1.303095406544270141e-01 1.086564094550056536e-01 7.490449769759663923e-01 4.465607966383450256e-01 4.404625344160192357e-01 7.448875957419621718e-01
7.572268504789634314e-01 1.345357791092884892e-01 3.673353145256990082e-01 4.474849076840839990e-01 5.635443465555245446e-02 4.055284634266898003e-02 0.000000000000000000e+00 5.639861196231398255e-01 7.061371310347885899e-02 6.676594781122767719e-01 7.954315153232682789e-01 8.447870278899674013e-01 3.031269280626489593e-01 8.638761065699995800e-01 9.374098505424894867e-01
8.478294340288572428e-01 4.545106545370438678e-01 9.505803977652109715e-01 9.002251373287760705e-01 5.934474839008067049e-01 4.607803415096661803e-01 5.639861196231398255e-01 0.000000000000000000e+00 9.964576817242065676e-02 3.611544268743588360e-01 6.211981760346152459e-01 6.661182638566875980e-01 6.320449232956348862e-02 8.442160374070154516e-01 5.961197713004933174e-01
9.298779275885304951e-02 5.454118365539857294e-01 3.127523826743942026e-01 1.164342101536106622e-01 9.510861509345315268e-01 6.300200658084691430e-01 7.061371310347885899e-02 9.964576817242065676e-02 0.000000000000000000e+00 1.604200746102086850e-01 4.288152121642287984e-01 4.588318551238043108e-01 9.379984468738129522e-01 9.508036375769473025e-01 8.622440294244432257e-01
2.614242427008197645e-01 3.047835727206248402e-01 9.191419237196806202e-01 1.512677779225922725e-01 8.902958927099710040e-01 1.303095406544270141e-01 6.676594781122767719e-01 3.611544268743588360e-01 1.604200746102086850e-01 0.000000000000000000e+00 9.613759291620189718e-01 8.344665240766564462e-01 9.327825946375910560e-01 9.905950571901143142e-01 6.882410365606391744e-01
5.530859850585791992e-01 3.379679016404643077e-01 5.542653663364975891e-01 3.835050718762434974e-01 7.548374568645700444e-01 1.086564094550056536e-01 7.954315153232682789e-01 6.211981760346152459e-01 4.288152121642287984e-01 9.613759291620189718e-01 0.000000000000000000e+00 2.542579833967328895e-01 1.573457832367743947e-01 8.033744283949469933e-01 1.773708235861021221e-01
4.484094599547250315e-02 4.426704983444144093e-01 6.101727735074630177e-01 7.644683760600855527e-01 5.801055991691883573e-01 7.490449769759663923e-01 8.447870278899674013e-01 6.661182638566875980e-01 4.588318551238043108e-01 8.344665240766564462e-01 2.542579833967328895e-01 0.000000000000000000e+00 9.743339246813664811e-02 4.123561269499789184e-01 5.355194008111470172e-01
3.166126333683193517e-01 4.129734868163752459e-01 3.262848190121880876e-01 2.733066799250886136e-01 2.494921421487382718e-01 4.465607966383450256e-01 3.031269280626489593e-01 6.320449232956348862e-02 9.379984468738129522e-01 9.327825946375910560e-01 1.573457832367743947e-01 9.743339246813664811e-02 0.000000000000000000e+00 2.628430490014125320e-01 5.977796326666902083e-01
4.910367087413464171e-01 4.522782909559774911e-01 5.741891028582726264e-01 3.959583790136634862e-01 2.695266313799108415e-01 4.404625344160192357e-01 8.638761065699995800e-01 8.442160374070154516e-01 9.508036375769473025e-01 9.905950571901143142e-01 8.033744283949469933e-01 4.123561269499789184e-01 2.628430490014125320e-01 0.000000000000000000e+00 9.462143150047874762e-01
2.266440317227906842e-01 5.604601504803129464e-01 9.021586660877995989e-01 1.111409647345631413e-01 7.350174231220492072e-01 7.448875957419621718e-01 9.374098505424894867e-01 5.961197713004933174e-01 8.622440294244432257e-01 6.882410365606391744e-01 1.773708235861021221e-01 5.355194008111470172e-01 5.977796326666902083e-01 9.462143150047874762e-01 0.000000000000000000e+00
