0.000000000000000000e+00 1.418933648278554172e-01 8.969701249850815516e-01 2.410118176687071623e-01 1.830293471125310489e-01 4.642236133471430160e-01 9.081805618618176146e-01 7.967903428442284497e-01 1.277968180101294315e-01 6.958311891605151178e-02 3.521680222621963452e-01 5.949774314239265616e-01 1.695520814639472906e-01 4.936988028087888614e-01 4.329548044018495245e-01
1.418933648278554172e-01 0.000000000000000000e+00 5.770776157760084679e-01 5.224947251122996628e-01 8.900098823141588955e-01 5.512459959484977690e-01 9.452717835314307093e-01 9.753130154066514956e-01 4.816248664579367844e-01 8.089554976322677060e-01 8.004731261687791921e-01 1.616869986676225945e-01 2.809295032129677239e-02 1.724590488492638851e-01 8.808177493186762907e-01
8.969701249850815516e-01 5.770776157760084679e-01 0.000000000000000000e+00 4.490173510075390340e-01 1.332386739961326505e-01 2.543929160619331498e-01 9.949785588195781960e-01 4.928928387257538457e-01 2.435662549764209261e-01 9.856967457763017304e-01 9.880340548222376063e-01 7.333946982974827167e-01 1.015855232531813757e-01 1.304131673647414003e-01 2.155029623341412348e-01
2.410118176687071623e-01 5.224947251122996628e-01 4.490173510075390340e-01 0.000000000000000000e+00 4.431213564925811088e-01 5.226181871126532874e-01 7.529983977417166185e-01 7.201230644229139610e-01 1.240214837068335241e-01 3.520048935071551366e-01 5.604071983357966635e-01 1.219400850865940411e-01 2.374217966378365796e-01 9.945751922848447002e-01 5.963674514910505264e-01
1.830293471125310489e-01 8.900098823141588955e-01 1.332386739961326505e-01 4.431213564925811088e-01 0.000000000000000000e+00 8.576479773783324267e-01 6.498881216792929960e-01 7.792035923528948249e-01 1.410538609746779803e-01 7.902523065655391310e-01 7.092564888676883283e-01 6.651894210456688050e-01 6.508501859232248554e-01 9.989663642178236991e-03 2.387584730117120468e-02
4.642236133471430160e-01 5.512459959484977690e-01 2.543929160619331498e-01 5.226181871126532874e-01 8.576479773783324267e-01 0.000000000000000000e+00 9.547783864294250300e-01 2.361072920465256963e-02 8.261687545061670024e-01 4.267137717930524765e-02 8.959838202535105323e-01 9.039149013188365611e-01 2.273230180164953484e-01 1.407146054454976314e-01 9.434730503242727551e-01
9.081805618618176146e-01 9.452717835314307093e-01 9.949785588195781960e-01 7.529983977417166185e-01 6.498881216792929960e-01 9.547783864294250300e-01 0.000000000000000000e+00 6.896038656363312480e-02 1.117890979814130104e-01 8.673101478579879897e-01 9.597004296069543416e-01 8.471978875904937478e-01 8.179653948495291260e-03 9.850272895428776598e-01 7.973159722988707454e-01
7.967903428442284497e-01 9.753130154066514956e-01 4.928928387257538457e-01 7.201230644229139610e-01 7.792035923528948249e-01 2.361072920465256963e-02 6.896038656363312480e-02 0.000000000000000000e+00 4.313883132664638742e-01 2.493428206408898617e-01 9.486525829340863858e-02 7.281600227581398466e-01 9.128902800155197506e-01 6.896143692985469142e-01 7.376133707888697932e-01
1.277968180101294315e-01 4.816248664579367844e-01 2.435662549764209261e-01 1.240214837068335241e-01 1.410538609746779803e-01 8.261687545061670024e-01 1.117890979814130104e-01 4.313883132664638742e-01 0.000000000000000000e+00 9.788170915043173936e-01 3.800381154543521767e-01 6.071816445298516829e-02 9.573437899097481107e-01 9.614228550023238284e-01 3.884268044160912314e-01
6.958311891605151178e-02 8.089554976322677060e-01 9.856967457763017304e-01 3.520048935071551366e-01 7.902523065655391310e-01 4.267137717930524765e-02 8.673101478579879897e-01 2.493428206408898617e-01 9.788170915043173936e-01 0.000000000000000000e+00 1.031105667463113607e-01 6.396570772978684705e-01 2.284589507223355742e-02 7.536062943036569983e-02 6.529670369700750765e-01
3.521680222621963452e-01 8.004731261687791921e-01 9.880340548222376063e-01 5.604071983357966635e-01 7.092564888676883283e-01 8.959838202535105323e-01 9.597004296069543416e-01 9.486525829340863858e-02 3.800381154543521767e-01 1.031105667463113607e-01 0.000000000000000000e+00 3.001429970504706501e-01 7.400776239998614336e-01 2.950927952423221257e-01 5.502121232138881268e-01
5.949774314239265616e-01 1.616869986676225945e-01 7.333946982974827167e-01 1.219400850865940411e-01 6.651894210456688050e-01 9.039149013188365611e-01 8.471978875904937478e-01 7.281600227581398466e-01 6.071816445298516829e-02 6.396570772978684705e-01 3.001429970504706501e-01 0.000000000000000000e+00 8.586207334006255021e-01 1.864146426526792633e-01 1.455551334106225392e-01
1.695520814639472906e-01 2.809295032129677239e-02 1.015855232531813757e-01 2.374217966378365796e-01 6.508501859232248554e-01 2.273230180164953484e-01 8.179653948495291260e-03 9.128902800155197506e-01 9.573437899097481107e-01 2.284589507223355742e-02 7.400776239998614336e-01 8.586207334006255021e-01 0.000000000000000000e+00 8.834794447286626884e-01 1.485068939142574207e-01
4.936988028087888614e-01 1.724590488492638851e-01 1.304131673647414003e-01 9.945751922848447002e-01 9.989663642178236991e-03 1.407146054454976314e-01 9.850272895428776598e-01 6.896143692985469142e-01 9.614228550023238284e-01 7.536062943036569983e-02 2.950927952423221257e-01 1.864146426526792633e-01 8.834794447286626884e-01 0.000000000000000000e+00 2.333575791627995333e-01
4.329548044018495245e-01 8.808177493186762907e-01 2.155029623341412348e-01 5.963674514910505264e-01 2.387584730117120468e-02 9.434730503242727551e-01 7.973159722988707454e-01 7.376133707888697932e-01 3.884268044160912314e-01 6.529670369700750765e-01 5.502121232138881268e-01 1.455551334106225392e-01 1.485068939142574207e-01 2.333575791627995333e-01 0.000000000000000000e+00
