0.000000000000000000e+00 8.606930405109795013e-01 4.905322301179766420e-01 6.357683708250077004e-01 4.722458055890506046e-01 4.090532593188705990e-01 1.637097141311345538e-01 6.598714550170411419e-01 2.777575586860380197e-01 8.517968656877277223e-01 4.595236532475648339e-01 1.910164863499947963e-01 9.054837253606001779e-01 7.876467334747018212e-01 7.462034213802630767e-01 5.223738911280255692e-01 2.010612290473327013e-01 3.524921109264808061e-01 8.805898803618983361e-01 2.235496851013388797e-01
8.606930405109795013e-01 0.000000000000000000e+00 9.033506815280605284e-01 5.466913530675053812e-01 4.358976858570359214e-01 4.391697940980564541e-01 6.767551528920880966e-01 5.254116731698660336e-01 1.158350001654803174e-01 3.910879218555560755e-01 2.750094219354815017e-01 6.113074462467892323e-01 9.543092377396652504e-01 1.203928107519468549e-01 9.696433323361586254e-02 2.415277790840836269e-01 5.229026451931613195e-01 3.399804906869305920e-01 5.978137610931248958e-01 2.859369026387130752e-01
4.905322301179766420e-01 9.033506815280605284e-01 0.000000000000000000e+00 3.463779217966438395e-01 7.298162606346141335e-01 6.237950207754862086e-01 6.442337136143606591e-01 5.296354902155135935e-01 7.907284596043299141e-01 8.694386690460712552e-01 5.798900154551651642e-01 2.904587811446719403e-01 3.574372202886421102e-01 8.385206696674137872e-01 5.538271792452887921e-01 2.090039388383714281e-01 7.613668239875482913e-01 3.475502449608491862e-02 8.031603347960517558e-01 6.304041362752681454e-01
6.357683708250077004e-01 5.466913530675053812e-01 3.463779217966438395e-01 0.000000000000000000e+00 4.271826483424090437e-01 4.632569319562591659e-01 1.421101722963798997e-01 1.393465427918002542e-01 9.778454674972401062e-01 5.153881575420680150e-01 3.974396183962780604e-03 7.857963610097026264e-01 1.595932448455082975e-01 9.389896179730753412e-01 3.041982123826179052e-01 7.043656951244264830e-01 8.331981165099716646e-01 5.173476062639548179e-02 2.059805666884917397e-02 6.694377848545185472e-02
4.722458055890506046e-01 4.358976858570359214e-01 7.298162606346141335e-01 4.271826483424090437e-01 0.000000000000000000e+00 4.803510306030212007e-03 7.941667318593204072e-02 4.602677037172467900e-01 9.374510092640575554e-02 7.677356609255294728e-01 1.150887401500388929e-02 7.624107554641307294e-01 1.029092794654806742e-01 3.504394324318597098e-01 2.274166155190742167e-01 3.031626663085659201e-01 4.668550722387325713e-01 9.381898625185713936e-02 8.414854956965019950e-01 3.686706476983240277e-01
4.090532593188705990e-01 4.391697940980564541e-01 6.237950207754862086e-01 4.632569319562591659e-01 4.803510306030212007e-03 0.000000000000000000e+00 6.783493545382212053e-01 6.295110580400720135e-01 4.156702635401805512e-01 9.397045844707261342e-01 6.038830902489787933e-01 3.364624431143727890e-01 7.909037232172766441e-02 9.806966646383589170e-01 1.817617961370684432e-01 7.395961605237483250e-01 9.927368443553064026e-01 5.873524423254584681e-01 7.716002236891805754e-02 7.295240161656965094e-01
1.637097141311345538e-01 6.767551528920880966e-01 6.442337136143606591e-01 1.421101722963798997e-01 7.941667318593204072e-02 6.783493545382212053e-01 0.000000000000000000e+00 5.580969841138463394e-01 1.170275531280796644e-01 3.590650356055968828e-01 4.303139129459621071e-01 6.153762574551477904e-01 2.837185525916273710e-01 8.105684473969736459e-01 4.037271440695610059e-01 3.091228099742349134e-01 6.723731269505028862e-02 2.821900959587186897e-01 1.776312207262731313e-01 5.841669717427777631e-01
6.598714550170411419e-01 5.254116731698660336e-01 5.296354902155135935e-01 1.393465427918002542e-01 4.602677037172467900e-01 6.295110580400720135e-01 5.580969841138463394e-01 0.000000000000000000e+00 3.479010325861706665e-01 6.176427931240483504e-01 1.743065866813290343e-01 5.159965200915758166e-01 3.093954985123659185e-01 5.015723815590237278e-01 6.054743705421306021e-01 8.497771587309439489e-01 1.638740898193966622e-01 9.816284155270753597e-01 9.823107516270943584e-01 8.037213314094637795e-01
2.777575586860380197e-01 1.158350001654803174e-01 7.907284596043299141e-01 9.778454674972401062e-01 9.374510092640575554e-02 4.156702635401805512e-01 1.170275531280796644e-01 3.479010325861706665e-01 0.000000000000000000e+00 5.352081410551348117e-01 5.058262750159076004e-01 8.356165935792789767e-01 8.045089260794070496e-01 1.070406720591033922e-01 7.594270201057783387e-01 1.319619309199272505e-01 6.183269538144430255e-01 7.910582783906876525e-01 9.704171761658640927e-01 1.145177999789609435e-01
8.517968656877277223e-01 3.910879218555560755e-01 8.694386690460712552e-01 5.153881575420680150e-01 7.677356609255294728e-01 9.397045844707261342e-01 3.590650356055968828e-01 6.176427931240483504e-01 5.352081410551348117e-01 0.000000000000000000e+00 6.126977664758608277e-01 4.147301780438160668e-01 8.895535849340894252e-01 4.656396773887158114e-01 4.719271098503596829e-02 4.037260127107755725e-02 8.318886213243015249e-02 4.405014783306715476e-02 8.972460785400546701e-01 3.450484109628201290e-01
4.595236532475648339e-01 2.750094219354815017e-01 5.798900154551651642e-01 3.974396183962780604e-03 1.150887401500388929e-02 6.038830902489787933e-01 4.303139129459621071e-01 1.743065866813290343e-01 5.058262750159076004e-01 6.126977664758608277e-01 0.000000000000000000e+00 6.995055014125215465e-01 4.204921518585064133e-01 3.333023209087304650e-01 2.893336041533601799e-01 2.436508380514290639e-02 1.472374012230839302e-01 8.092092326293529592e-01 1.900088033420741507e-01 2.236626402964894123e-01
1.910164863499947963e-01 6.113074462467892323e-01 2.904587811446719403e-01 7.857963610097026264e-01 7.624107554641307294e-01 3.364624431143727890e-01 6.153762574551477904e-01 5.159965200915758166e-01 8.356165935792789767e-01 4.147301780438160668e-01 6.995055014125215465e-01 0.000000000000000000e+00 7.838764209919110160e-01 2.494894057054698466e-01 2.908752448977529603e-01 9.641277339266502988e-01 3.838228159637195880e-01 1.544157439356390604e-01 8.435691066937860416e-01 1.320308205031789361e-01
9.054837253606001779e-01 9.543092377396652504e-01 3.574372202886421102e-01 1.595932448455082975e-01 1.029092794654806742e-01 7.909037232172766441e-02 2.837185525916273710e-01 3.093954985123659185e-01 8.045089260794070496e-01 8.895535849340894252e-01 4.204921518585064133e-01 7.838764209919110160e-01 0.000000000000000000e+00 2.660245145187336568e-01 1.923069389875606827e-01 4.575540906747316283e-01 2.475186411112860752e-01 4.224476525517441017e-01 5.572523092757031282e-02 7.163666434122625271e-01
7.876467334747018212e-01 1.203928107519468549e-01 8.385206696674137872e-01 9.389896179730753412e-01 3.504394324318597098e-01 9.806966646383589170e-01 8.105684473969736459e-01 5.015723815590237278e-01 1.070406720591033922e-01 4.656396773887158114e-01 3.333023209087304650e-01 2.494894057054698466e-01 2.660245145187336568e-01 0.000000000000000000e+00 3.492432196302686087e-03 8.193569257902898473e-01 4.228321894862507868e-01 3.137840576464487885e-01 2.908820002387005887e-01 8.672472666023888221e-01
7.462034213802630767e-01 9.696433323361586254e-02 5.538271792452887921e-01 3.041982123826179052e-01 2.274166155190742167e-01 1.817617961370684432e-01 4.037271440695610059e-01 6.054743705421306021e-01 7.594270201057783387e-01 4.719271098503596829e-02 2.893336041533601799e-01 2.908752448977529603e-01 1.923069389875606827e-01 3.492432196302686087e-03 0.000000000000000000e+00 7.364132763206390209e-01 8.642222634003089432e-01 5.461050673386415033e-01 4.106955496408898343e-01 9.483507856032886707e-01
5.223738911280255692e-01 2.415277790840836269e-01 2.090039388383714281e-01 7.043656951244264830e-01 3.031626663085659201e-01 7.395961605237483250e-01 3.091228099742349134e-01 8.497771587309439489e-01 1.319619309199272505e-01 4.037260127107755725e-02 2.436508380514290639e-02 9.641277339266502988e-01 4.575540906747316283e-01 8.193569257902898473e-01 7.364132763206390209e-01 0.000000000000000000e+00 1.073756070711503474e-01 5.189744811105078126e-01 5.631582919482303051e-02 5.092971342412222491e-02
2.010612290473327013e-01 5.229026451931613195e-01 7.613668239875482913e-01 8.331981165099716646e-01 4.668550722387325713e-01 9.927368443553064026e-01 6.723731269505028862e-02 1.638740898193966622e-01 6.183269538144430255e-01 8.318886213243015249e-02 1.472374012230839302e-01 3.838228159637195880e-01 2.475186411112860752e-01 4.228321894862507868e-01 8.642222634003089432e-01 1.073756070711503474e-01 0.000000000000000000e+00 6.106286440435778617e-01 9.780440058324497699e-01 3.501880714588471166e-01
3.524921109264808061e-01 3.399804906869305920e-01 3.475502449608491862e-02 5.173476062639548179e-02 9.381898625185713936e-02 5.873524423254584681e-01 2.821900959587186897e-01 9.816284155270753597e-01 7.910582783906876525e-01 4.405014783306715476e-02 8.092092326293529592e-01 1.544157439356390604e-01 4.224476525517441017e-01 3.137840576464487885e-01 5.461050673386415033e-01 5.189744811105078126e-01 6.106286440435778617e-01 0.000000000000000000e+00 4.290517666696150867e-01 5.540574573251686452e-01
8.805898803618983361e-01 5.978137610931248958e-01 8.031603347960517558e-01 2.059805666884917397e-02 8.414854956965019950e-01 7.716002236891805754e-02 1.776312207262731313e-01 9.823107516270943584e-01 9.704171761658640927e-01 8.972460785400546701e-01 1.900088033420741507e-01 8.435691066937860416e-01 5.572523092757031282e-02 2.908820002387005887e-01 4.106955496408898343e-01 5.631582919482303051e-02 9.780440058324497699e-01 4.290517666696150867e-01 0.000000000000000000e+00 3.526268701369037473e-01
2.235496851013388797e-01 2.859369026387130752e-01 6.304041362752681454e-01 6.694377848545185472e-02 3.686706476983240277e-01 7.295240161656965094e-01 5.841669717427777631e-01 8.037213314094637795e-01 1.145177999789609435e-01 3.450484109628201290e-01 2.236626402964894123e-01 1.320308205031789361e-01 7.163666434122625271e-01 8.672472666023888221e-01 9.483507856032886707e-01 5.092971342412222491e-02 3.501880714588471166e-01 5.540574573251686452e-01 3.526268701369037473e-01 0.000000000000000000e+00
